15
1 9 1 2 3 4 5 6 7 8 9
2 10 0 1 2 3 4 5 6 7 8 9
3 10 0 1 2 3 4 5 6 7 8 9
4 10 0 1 2 3 4 5 6 7 8 9
5 10 0 1 2 3 4 5 6 7 8 9
6 10 0 1 2 3 4 5 6 7 8 9
7 10 0 1 2 3 4 5 6 7 8 9
8 9 1 2 3 4 5 6 7 8 9
9 10 0 1 2 3 4 5 6 7 8 9
10 9 1 2 3 4 5 6 7 8 9
11 5 0 1 2 3 4
12 5 0 1 2 3 4
13 5 0 1 2 3 4
14 5 0 1 2 3 4
15 5 0 1 2 3 4
2 1 2
2 1 3
2 1 4
2 1 5
2 1 6
2 1 7
2 1 8
2 1 9
2 1 10
2 2 3
2 2 4
2 2 5
2 2 6
2 2 7
2 2 8
2 2 9
2 2 10
2 3 4
2 3 5
2 3 6
2 3 7
2 3 8
2 3 9
2 3 10
2 4 5
2 4 6
2 4 7
2 4 8
2 4 9
2 4 10
2 5 6
2 5 7
2 5 8
2 5 9
2 5 10
2 6 7
2 6 8
2 6 9
2 6 10
2 7 8
2 7 9
2 7 10
2 8 9
2 8 10
2 9 10
11 2 11 5 7 7 2 2
11 8 12 11 6 3 3 10 10
11 4 13 12 2 5 5 9 9
11 2 14 13 10 6 6 5 5
11 6 15 14 8 8 1 1
1 8 15