81
1 9 1 2 3 4 5 6 7 8 9
2 9 1 2 3 4 5 6 7 8 9
3 9 1 2 3 4 5 6 7 8 9
4 9 1 2 3 4 5 6 7 8 9
5 9 1 2 3 4 5 6 7 8 9
6 9 1 2 3 4 5 6 7 8 9
7 9 1 2 3 4 5 6 7 8 9
8 1 3
9 9 1 2 3 4 5 6 7 8 9
10 9 1 2 3 4 5 6 7 8 9
11 9 1 2 3 4 5 6 7 8 9
12 1 2
13 1 9
14 1 5
15 9 1 2 3 4 5 6 7 8 9
16 9 1 2 3 4 5 6 7 8 9
17 1 1
18 1 8
19 1 6
20 9 1 2 3 4 5 6 7 8 9
21 1 1
22 9 1 2 3 4 5 6 7 8 9
23 9 1 2 3 4 5 6 7 8 9
24 9 1 2 3 4 5 6 7 8 9
25 9 1 2 3 4 5 6 7 8 9
26 9 1 2 3 4 5 6 7 8 9
27 9 1 2 3 4 5 6 7 8 9
28 9 1 2 3 4 5 6 7 8 9
29 1 2
30 9 1 2 3 4 5 6 7 8 9
31 9 1 2 3 4 5 6 7 8 9
32 9 1 2 3 4 5 6 7 8 9
33 1 1
34 1 4
35 9 1 2 3 4 5 6 7 8 9
36 9 1 2 3 4 5 6 7 8 9
37 9 1 2 3 4 5 6 7 8 9
38 9 1 2 3 4 5 6 7 8 9
39 1 9
40 9 1 2 3 4 5 6 7 8 9
41 9 1 2 3 4 5 6 7 8 9
42 9 1 2 3 4 5 6 7 8 9
43 9 1 2 3 4 5 6 7 8 9
44 1 8
45 1 6
46 1 8
47 9 1 2 3 4 5 6 7 8 9
48 1 6
49 9 1 2 3 4 5 6 7 8 9
50 9 1 2 3 4 5 6 7 8 9
51 1 9
52 9 1 2 3 4 5 6 7 8 9
53 1 2
54 9 1 2 3 4 5 6 7 8 9
55 9 1 2 3 4 5 6 7 8 9
56 9 1 2 3 4 5 6 7 8 9
57 9 1 2 3 4 5 6 7 8 9
58 9 1 2 3 4 5 6 7 8 9
59 1 4
60 9 1 2 3 4 5 6 7 8 9
61 9 1 2 3 4 5 6 7 8 9
62 9 1 2 3 4 5 6 7 8 9
63 9 1 2 3 4 5 6 7 8 9
64 1 4
65 1 6
66 9 1 2 3 4 5 6 7 8 9
67 9 1 2 3 4 5 6 7 8 9
68 9 1 2 3 4 5 6 7 8 9
69 1 7
70 1 5
71 9 1 2 3 4 5 6 7 8 9
72 9 1 2 3 4 5 6 7 8 9
73 1 1
74 9 1 2 3 4 5 6 7 8 9
75 9 1 2 3 4 5 6 7 8 9
76 9 1 2 3 4 5 6 7 8 9
77 9 1 2 3 4 5 6 7 8 9
78 9 1 2 3 4 5 6 7 8 9
79 9 1 2 3 4 5 6 7 8 9
80 9 1 2 3 4 5 6 7 8 9
81 1 3
8 1 2 3 4 5 6 7 8 9 10 19 28 37 46 55 64 73 11 12 20 21
8 2 1 3 4 5 6 7 8 9 11 20 29 38 47 56 65 74 10 19 12 21
8 3 1 2 4 5 6 7 8 9 12 21 30 39 48 57 66 75 10 11 19 20
8 4 1 2 3 5 6 7 8 9 13 22 31 40 49 58 67 76 14 15 23 24
8 5 1 2 3 4 6 7 8 9 14 23 32 41 50 59 68 77 13 15 22 24
8 6 1 2 3 4 5 7 8 9 15 24 33 42 51 60 69 78 13 14 22 23
8 7 1 2 3 4 5 6 8 9 16 25 34 43 52 61 70 79 17 18 26 27
8 8 1 2 3 4 5 6 7 9 17 26 35 44 53 62 71 80 16 18 25 27
8 9 1 2 3 4 5 6 7 8 18 27 36 45 54 63 72 81 16 17 25 26
8 10 11 12 13 14 15 16 17 18 1 19 28 37 46 55 64 73 2 3 20 21
8 11 10 12 13 14 15 16 17 18 2 20 29 38 47 56 65 74 1 3 19 21
8 12 10 11 13 14 15 16 17 18 3 21 30 39 48 57 66 75 1 2 19 20
8 13 10 11 12 14 15 16 17 18 4 22 31 40 49 58 67 76 5 6 23 24
8 14 10 11 12 13 15 16 17 18 5 23 32 41 50 59 68 77 4 6 22 24
8 15 10 11 12 13 14 16 17 18 6 24 33 42 51 60 69 78 4 5 22 23
8 16 10 11 12 13 14 15 17 18 7 25 34 43 52 61 70 79 8 9 26 27
8 17 10 11 12 13 14 15 16 18 8 26 35 44 53 62 71 80 7 9 25 27
8 18 10 11 12 13 14 15 16 17 9 27 36 45 54 63 72 81 7 8 25 26
8 19 20 21 22 23 24 25 26 27 1 10 28 37 46 55 64 73 2 3 11 12
8 20 19 21 22 23 24 25 26 27 2 11 29 38 47 56 65 74 1 3 10 12
8 21 19 20 22 23 24 25 26 27 3 12 30 39 48 57 66 75 1 2 10 11
8 22 19 20 21 23 24 25 26 27 4 13 31 40 49 58 67 76 5 6 14 15
8 23 19 20 21 22 24 25 26 27 5 14 32 41 50 59 68 77 4 6 13 15
8 24 19 20 21 22 23 25 26 27 6 15 33 42 51 60 69 78 4 5 13 14
8 25 19 20 21 22 23 24 26 27 7 16 34 43 52 61 70 79 8 9 17 18
8 26 19 20 21 22 23 24 25 27 8 17 35 44 53 62 71 80 7 9 16 18
8 27 19 20 21 22 23 24 25 26 9 18 36 45 54 63 72 81 7 8 16 17
8 28 29 30 31 32 33 34 35 36 1 10 19 37 46 55 64 73 38 39 47 48
8 29 28 30 31 32 33 34 35 36 2 11 20 38 47 56 65 74 37 39 46 48
8 30 28 29 31 32 33 34 35 36 3 12 21 39 48 57 66 75 37 38 46 47
8 31 28 29 30 32 33 34 35 36 4 13 22 40 49 58 67 76 41 42 50 51
8 32 28 29 30 31 33 34 35 36 5 14 23 41 50 59 68 77 40 42 49 51
8 33 28 29 30 31 32 34 35 36 6 15 24 42 51 60 69 78 40 41 49 50
8 34 28 29 30 31 32 33 35 36 7 16 25 43 52 61 70 79 44 45 53 54
8 35 28 29 30 31 32 33 34 36 8 17 26 44 53 62 71 80 43 45 52 54
8 36 28 29 30 31 32 33 34 35 9 18 27 45 54 63 72 81 43 44 52 53
8 37 38 39 40 41 42 43 44 45 1 10 19 28 46 55 64 73 29 30 47 48
8 38 37 39 40 41 42 43 44 45 2 11 20 29 47 56 65 74 28 30 46 48
8 39 37 38 40 41 42 43 44 45 3 12 21 30 48 57 66 75 28 29 46 47
8 40 37 38 39 41 42 43 44 45 4 13 22 31 49 58 67 76 32 33 50 51
8 41 37 38 39 40 42 43 44 45 5 14 23 32 50 59 68 77 31 33 49 51
8 42 37 38 39 40 41 43 44 45 6 15 24 33 51 60 69 78 31 32 49 50
8 43 37 38 39 40 41 42 44 45 7 16 25 34 52 61 70 79 35 36 53 54
8 44 37 38 39 40 41 42 43 45 8 17 26 35 53 62 71 80 34 36 52 54
8 45 37 38 39 40 41 42 43 44 9 18 27 36 54 63 72 81 34 35 52 53
8 46 47 48 49 50 51 52 53 54 1 10 19 28 37 55 64 73 29 30 38 39
8 47 46 48 49 50 51 52 53 54 2 11 20 29 38 56 65 74 28 30 37 39
8 48 46 47 49 50 51 52 53 54 3 12 21 30 39 57 66 75 28 29 37 38
8 49 46 47 48 50 51 52 53 54 4 13 22 31 40 58 67 76 32 33 41 42
8 50 46 47 48 49 51 52 53 54 5 14 23 32 41 59 68 77 31 33 40 42
8 51 46 47 48 49 50 52 53 54 6 15 24 33 42 60 69 78 31 32 40 41
8 52 46 47 48 49 50 51 53 54 7 16 25 34 43 61 70 79 35 36 44 45
8 53 46 47 48 49 50 51 52 54 8 17 26 35 44 62 71 80 34 36 43 45
8 54 46 47 48 49 50 51 52 53 9 18 27 36 45 63 72 81 34 35 43 44
8 55 56 57 58 59 60 61 62 63 1 10 19 28 37 46 64 73 65 66 74 75
8 56 55 57 58 59 60 61 62 63 2 11 20 29 38 47 65 74 64 66 73 75
8 57 55 56 58 59 60 61 62 63 3 12 21 30 39 48 66 75 64 65 73 74
8 58 55 56 57 59 60 61 62 63 4 13 22 31 40 49 67 76 68 69 77 78
8 59 55 56 57 58 60 61 62 63 5 14 23 32 41 50 68 77 67 69 76 78
8 60 55 56 57 58 59 61 62 63 6 15 24 33 42 51 69 78 67 68 76 77
8 61 55 56 57 58 59 60 62 63 7 16 25 34 43 52 70 79 71 72 80 81
8 62 55 56 57 58 59 60 61 63 8 17 26 35 44 53 71 80 70 72 79 81
8 63 55 56 57 58 59 60 61 62 9 18 27 36 45 54 72 81 70 71 79 80
8 64 65 66 67 68 69 70 71 72 1 10 19 28 37 46 55 73 56 57 74 75
8 65 64 66 67 68 69 70 71 72 2 11 20 29 38 47 56 74 55 57 73 75
8 66 64 65 67 68 69 70 71 72 3 12 21 30 39 48 57 75 55 56 73 74
8 67 64 65 66 68 69 70 71 72 4 13 22 31 40 49 58 76 59 60 77 78
8 68 64 65 66 67 69 70 71 72 5 14 23 32 41 50 59 77 58 60 76 78
8 69 64 65 66 67 68 70 71 72 6 15 24 33 42 51 60 78 58 59 76 77
8 70 64 65 66 67 68 69 71 72 7 16 25 34 43 52 61 79 62 63 80 81
8 71 64 65 66 67 68 69 70 72 8 17 26 35 44 53 62 80 61 63 79 81
8 72 64 65 66 67 68 69 70 71 9 18 27 36 45 54 63 81 61 62 79 80
8 73 74 75 76 77 78 79 80 81 1 10 19 28 37 46 55 64 56 57 65 66
8 74 73 75 76 77 78 79 80 81 2 11 20 29 38 47 56 65 55 57 64 66
8 75 73 74 76 77 78 79 80 81 3 12 21 30 39 48 57 66 55 56 64 65
8 76 73 74 75 77 78 79 80 81 4 13 22 31 40 49 58 67 59 60 68 69
8 77 73 74 75 76 78 79 80 81 5 14 23 32 41 50 59 68 58 60 67 69
8 78 73 74 75 76 77 79 80 81 6 15 24 33 42 51 60 69 58 59 67 68
8 79 73 74 75 76 77 78 80 81 7 16 25 34 43 52 61 70 62 63 71 72
8 80 73 74 75 76 77 78 79 81 8 17 26 35 44 53 62 71 61 63 70 72
8 81 73 74 75 76 77 78 79 80 9 18 27 36 45 54 63 72 61 62 70 71